#YAM

H_0: 500
A_1: 700
A_2: 800
K_1: 42000
K_2: 120000
mu_H: 0.000039139
mu_1: 0.00045662
mu_2: 0.0011
z_1: 0.04
z_1_tilde: 0.1
z_2_tilde: 0.11
pi_h_tilde: 0.0009
pi_h: 0.0009
pi_V: 0.03
pi_V_tilde: 0.49
a_1: 0.7714
a_2: 0.7
e_1: 0.0067
e_2: 0.007
omega_1: 0.10
omega_2: 0.15
eta_1: 0.8
initial_conditions: [0.1, 0.25, 0.1, 0.45, 0.25, 0.1, 0.5]